1124976352
1125321008
1124976592
1125321248
1124976832
1125321488
1124977072
1125321728
1124977312
1125321968
1124977552
1125322208
1124977792
1125322448
1124978032
1125322688
1124978272
1124990512
1125335168
1125322928
1124978752
1125323408
1124978992
1125323648
1124979232
1125323888
1124979472
1125324128
1124979712
1125324368
1124979952
1125324608
1124980192
1125324848
1124980432
1125325088
1124980672
1125325328
1124980912
1125325568
1124981152
1125325808
1124981392
1125326048
1124981632
1125326288
1124981872
1125326528
1124982112
1125326768
1124982352
1125327008
1124982592
1125327248
1124982832
1125327488
1124983072
1125327728
1124983312
1125327968
1124983552
1125328208
1124983792
1125328448
1124984032
1125328688
1124984272
1125328928
1124984512
1125329168
1124984752
1125329408
1124984992
1125329648
1124985232
1125329888
1124985472
1125330128
1124985712
1125330368
1124985952
1125330608
1124986192
1125330848
1124986432
1125331088
1124986672
1125331328
1124986912
1125331568
1124987152
1125331808
1124987392
1125332048
1124987632
1125332288
1124987872
1125332528
1124988112
1125332768
1124988352
1125333008
1124988592
1125333248
1124988832
1125333488
1124989072
1125333728
1124989312
1125333968
1124989552
1125334208
1124989792
1125334448
1124990032
1125334688
1124990272
1125334928
1124990512
1125335168