1129903824
1130162320
1129904064
1130162560
1129904304
1130162800
1129904544
1130163040
1129904784
1130163280
1129905024
1130163520
1129905264
1130163760
1129905504
1130164000
1129905744
1130164240
1129905984
1130164480
1129906224
1130164720
1129906464
1130164960
1129906704
1130165200
1129906944
1130165440
1129907184
1130165680
1129907424
1130165920
1129907664
1130166160
1129907904
1130166400
1129908144
1130166640
1129908384
1130166880
1129908624
1130167120
1129908864
1130167360
1129909104
1130167600
1129909344
1130167840
1129909584
1130168080
1129909824
1130168320
1129910064
1130168560
1129910304
1130168800
1129910544
1130169040
1129910784
1130169280
1129895424
1130153920
1129895664
1130154160
1129895904
1130154400
1129896144
1130154640
1129896384
1130154880
1129896624
1130155120
1129896864
1130155360
1129897104
1130155600
1129897344
1130155840
1129897584
1130156080
1129897824
1130156320
1129898064
1130156560
1129898304
1130156800
1129898544
1130157040
1129898784
1130157280
1129899024
1130157520
1129899264
1130157760
1129899504
1130158000
1129899744
1130158240
1129899984
1130158480
1129900224
1130158720
1129900464
1130158960
1129900704
1130159200
1129900944
1130159440
1129901184
1130159680
1129901424
1130159920
1129901664
1130160160
1129901904
1130160400
1129902144
1130160640
1129902384
1130160880