1132144048
1132402536
1132144288
1132402776
1132144528
1132403016
1132144768
1132403256
1132145008
1132403496
1132145248
1132403736
1132145488
1132403976
1132145728
1132404216
1132145968
1132404456
1132146208
1132404696
1132146448
1132404936
1132146688
1132405176
1132146928
1132405416
1132147168
1132405656
1132147408
1132405896
1132147648
1132406136
1132147888
1132406376
1132148128
1132406616
1132148368
1132406856
1132148608
1132407096
1132148848
1132407336
1132149088
1132407576
1132149328
1132407816
1132149568
1132408056
1132149808
1132408296
1132150048
1132408536
1132150288
1132408776
1132150528
1132409016
1132150768
1132409256
1132151008
1132409496
1132138048
1132396536
1132138288
1132396776
1132138528
1132397016
1132138768
1132397256
1132139008
1132397496
1132139248
1132397736
1132139488
1132397976
1132139728
1132398216
1132139968
1132398456
1132140208
1132398696
1132140448
1132398936
1132140688
1132399176
1132140928
1132399416
1132141168
1132399656
1132141408
1132399896