1134728704
1134987192
1134728944
1134987432
1134729184
1134987672
1134729424
1134987912
1134729664
1134988152
1134729904
1134988392
1134730144
1134988632
1134730384
1134988872
1134730624
1134989112
1134730864
1134989352
1134731104
1134989592
1134731344
1134989832
1134731584
1134990072
1134731824
1134990312
1134732064
1134990552
1134732304
1134990792
1134732544
1134991032
1134732784
1134991272
1134733024
1134991512
1134733264
1134991752
1134733504
1134991992
1134733744
1134992232
1134733984
1134992472
1134734224
1134992712
1134734464
1134992952
1134734704
1134993192
1134734944
1134993432
1134735184
1134993672
1134735424
1134993912
1134735664
1134994152
1134735904
1134994392
1134736144
1134994632
1134736384
1134994872
1134736624
1134995112
1134736864
1134995352
1134737104
1134995592
1134737344
1134995832
1134737584
1134996072
1134737824
1134996312
1134738064
1134996552
1134738304
1134996792
1134738544
1134997032
1134738784
1134997272
1134739024
1134997512
1134739264
1134997752
1134739504
1134997992
1134739744
1134998232
1134739984
1134998472
1134740224
1134998712
1134740464
1134998952
1134740704
1134999192
1134740944
1134999432
1134741184
1134999672
1134741424
1134999912
1134741664
1135000152
1134741904
1135000392
1134742144
1135000632
1134742384
1135000872
1134742624
1135001112
1134742864
1135001352
1134726304
1134984792
1134726544
1134985032
1134726784
1134985272
1134727024
1134985512
1134727264
1134985752